91 999
82 999
73 999
64 999
55 999
46 999
37 999
28 999
19 999
1 999
67 998
39 997
22 996
583 995
517 995
69 994
913 993
24 993
89 992
121 991
11 991
1 989
286 987
143 987
88 986
93 983
869 982
66 981
664 979
614 979
605 979
555 979
496 979
446 979
387 979
337 979
1 979
418 978
209 978
638 977
55 977
71 976
539 975
308 974
28 974
79 973
41 973
484 971
44 971
37 969
1 969
916 968
831 968
722 968
652 968
637 968
458 968
443 968
279 968
264 968
91 968
72 968
48 968
24 968
7 968
68 967
858 966
429 966
71 966
506 964
92 964
46 964
187 963
924 962
693 962
462 962
231 962
84 962
63 962
42 962
21 962
363 961
33 961
803 959
83 959
73 959
1 959
682 958
91 958
894 957
844 957
728 957
678 957
555 957
512 957
389 957
339 957
173 957
123 957
97 957
71 956
605 955
55 955
759 953
682 953
286 952
231 952
73 952
47 952
99 951
308 949
1 949
91 948
888 946
868 946
848 946
666 946
646 946
444 946
424 946
222 946
93 946
59 945
253 944
87 944
23 944
89 942
52 942
242 941
22 941
37 939
1 939
91 938
637 935
631 935
599 935
593 935
587 935
549 935
543 935
69 934
605 933
187 933
72 933
55 933
924 932
869 932
32 931
506 929
1 929
528 928
91 928
48 928
748 927
68 927
726 926
66 926
627 925
57 925
962 924
932 924
897 924
867 924
754 924
689 924
481 924
303 924
273 924
238 924
3 924
65 923
517 922
94 922
47 922
31 922
847 921
76 921
92 919
1 919
91 918
429 917
286 917
143 917
968 916
484 916
88 916
44 916
561 915
902 914
451 914
993 913
869 913
819 913
712 913
662 913
645 913
538 913
488 913
331 913
314 913
157 913
79 913
24 913
605 911
109 911
55 911
54 911
902 909
803 909
704 909
605 909
506 909
407 909
308 909
209 909
46 909
37 909
28 909
19 909
11 909
1 909
91 908
94 907
726 906
98 906
561 905
451 904
187 903
17 903
914 902
909 902
733 902
728 902
547 902
542 902
457 902
452 902
271 902
266 902
99 902
9 902
87 901
11 899
91 898
1 898
924 897
462 897
54 896
627 895
57 895
957 894
517 892
11 889
946 888
737 888
528 888
473 888
264 888
91 888
72 888
48 888
29 888
24 888
1 888
605 887
484 886
242 886
67 885
63 885
308 884
682 883
341 883
89 883
286 882
121 881
54 881
704 879
407 879
37 879
11 879
319 878
1 878
107 877
49 876
759 874
506 874
253 874
92 874
69 874
46 874
23 874
17 873
748 872
847 871
98 871
32 871
982 869
932 869
913 869
863 869
794 869
615 869
546 869
248 869
179 869
83 869
11 869
946 868
1 868
924 867
103 866
54 866
605 865
74 864
56 864
869 863
73 862
231 861
21 861
11 859
966 858
812 858
777 858
742 858
707 858
553 858
518 858
483 858
329 858
294 858
259 858
77 858
7 858
1 858
76 856
33 854
792 853
72 853
99 852
54 851
21 851
407 849
74 849
37 849
11 849
946 848
528 848
473 848
53 848
48 848
1 848
921 847
871 847
728 847
572 847
429 847
286 847
223 847
143 847
117 847
104 847
91 847
78 847
65 847
52 847
39 847
26 847
13 847
8 847
352 846
32 846
693 845
71 845
63 845
957 844
308 844
28 844
605 843
113 843
605 841
473 841
43 841
11 839
1 838
91 837
836 836
731 836
529 836
509 836
489 836
347 836
327 836
307 836
287 836
76 836
814 834
74 834
715 833
264 833
65 833
968 831
726 831
484 831
242 831
119 831
19 829
11 829
1 828
91 827
703 825
699 825
695 825
691 825
641 825
637 825
633 825
7 825
561 824
102 824
51 824
451 823
803 822
109 822
73 822
36 822
913 819
814 819
715 819
506 819
407 819
308 819
209 819
121 819
111 819
102 819
93 819
74 819
65 819
37 819
11 819
82 818
11 818
1 818
748 817
91 817
103 816
73 815
834 814
819 814
804 814
789 814
774 814
576 814
561 814
546 814
531 814
516 814
318 814
303 814
288 814
273 814
258 814
51 814
33 814
6 814
3 814
451 813
123 813
82 813
41 813
858 812
572 812
286 812
104 812
78 812
52 812
26 812
32 811
792 808
528 808
319 808
264 808
58 808
53 808
34 808
29 808
11 808
1 808
91 807
539 806
715 805
67 805
65 805
814 804
959 803
909 803
822 803
772 803
685 803
635 803
548 803
411 803
364 803
274 803
227 803
137 803
99 803
41 803
9 803
83 802
473 801
86 801
43 801
56 799
11 798
91 797
1 797
59 796
869 794
79 794
34 793
853 792
808 792
773 792
592 792
557 792
512 792
376 792
341 792
296 792
88 792
8 792
715 791
65 791
814 789
407 789
11 788
91 787
1 787
352 786
32 786
84 784
38 784
341 782
62 782
31 782
108 781
97 781
308 779
28 779
11 778
858 777
715 777
572 777
429 777
286 777
143 777
117 777
104 777
91 777
78 777
65 777
52 777
39 777
36 777
26 777
23 777
13 777
1 777
737 775
671 775
814 774
89 774
792 773
75 773
803 772
109 772
31 772
93 769
75 769
638 768
583 768
528 768
63 768
58 768
53 768
11 768
1 767
108 766
671 765
75 765
715 763
627 762
114 762
57 762
473 761
118 761
75 761
43 761
953 759
874 759
685 759
606 759
546 759
527 759
467 759
388 759
139 759
6 759
11 758
1 757
64 756
37 756
671 755
924 754
616 754
308 754
112 754
84 754
56 754
28 754
99 753
396 752
36 752
715 749
927 748
872 748
817 748
618 748
563 748
548 748
364 748
309 748
294 748
116 748
11 748
4 748
114 747
1 747
363 744
858 742
572 742
286 742
231 741
209 739
38 739
19 739
121 738
111 738
39 738
11 738
888 737
775 737
695 737
499 737
419 737
386 737
306 737
193 737
1 737
715 735
902 733
109 733
82 733
27 733
836 731
231 731
97 731
21 731
957 728
902 728
847 728
638 728
583 728
374 728
319 728
121 728
116 728
111 728
87 728
58 728
29 728
11 728
137 727
127 727
11 727
1 727
926 726
906 726
831 726
649 726
629 726
554 726
372 726
352 726
277 726
123 726
96 726
91 726
64 726
37 726
32 726
79 725
73 725
968 722
88 722
715 721
11 717
1 717
113 716
91 716
833 715
819 715
805 715
791 715
777 715
763 715
749 715
735 715
721 715
707 715
77 715
7 715
308 714
117 714
561 713
374 713
187 713
68 713
51 713
34 713
17 713
913 712
682 712
124 712
62 712
41 712
129 711
116 708
858 707
715 707
572 707
429 707
396 707
286 707
253 707
143 707
62 707
49 707
36 707
23 707
11 707
1 707
96 706
91 706
909 704
879 704
696 704
666 704
636 704
606 704
576 704
423 704
393 704
363 704
333 704
303 704
99 704
66 704
33 704
12 704
9 704
6 704
3 704
825 703
75 703
51 703
27 703
119 702
41 702
825 699
113 699
75 699
38 699
34 698
11 697
704 696
118 696
91 696
64 696
37 696
1 696
825 695
737 695
75 695
418 694
962 693
845 693
598 693
481 693
404 693
364 693
287 693
247 693
157 693
143 693
13 693
4 693
67 692
825 691
107 691
924 689
616 689
308 689
583 688
11 687
96 686
91 686
1 686
803 685
759 685
87 685
73 685
127 684
187 683
109 683
17 683
958 682
953 682
883 682
712 682
637 682
396 682
391 682
316 682
129 682
7 682
47 679
29 679
957 678
73 678
11 677
91 676
1 676
85 675
671 674
122 674
61 674
43 674
92 673
98 672
72 672
775 671
765 671
755 671
674 671
664 671
654 671
583 671
573 671
563 671
42 671
122 669
85 669
44 668
11 667
946 666
704 666
649 666
352 666
123 666
96 666
91 666
69 666
64 666
42 666
37 666
32 666
1 666
979 664
671 664
61 664
33 664
126 663
913 662
103 662
36 662
149 661
209 659
19 659
429 658
319 658
68 658
137 657
121 657
111 657
11 657
1 656
671 654
418 654
137 654
99 654
638 653
968 652
627 652
46 652
117 651
726 649
666 649
577 649
517 649
428 649
368 649
113 649
47 649
121 647
111 647
11 647
946 646
1 646
913 645
83 645
126 643
825 641
132 639
977 638
768 638
728 638
653 638
439 638
404 638
364 638
329 638
136 638
4 638
968 637
935 637
825 637
682 637
539 637
396 637
253 637
147 637
134 637
121 637
111 637
98 637
85 637
49 637
11 637
704 636
407 636
64 636
47 636
37 636
11 636
1 636
803 635
76 634
825 633
341 632
935 631
138 631
85 631
726 629
66 629
57 629
78 628
925 627
895 627
762 627
652 627
599 627
489 627
436 627
326 627
303 627
273 627
163 627
14 627
3 627
11 626
1 626
108 622
149 621
74 621
517 619
748 618
374 618
136 618
102 618
68 618
34 618
157 617
46 617
754 616
689 616
487 616
442 616
422 616
377 616
357 616
143 616
13 616
11 616
1 616
869 615
979 614
418 614
114 614
76 614
38 614
484 613
146 613
102 613
103 612
462 611
231 611
104 609
107 608
49 608
108 607
759 606
704 606
462 606
407 606
352 606
79 606
74 606
69 606
47 606
42 606
37 606
11 606
1 606
979 605
955 605
933 605
911 605
909 605
887 605
865 605
843 605
841 605
99 605
97 605
95 605
93 605
91 605
9 605
147 604
374 603
163 603
34 603
149 602
231 601
159 601
21 601
935 599
627 599
142 599
114 599
57 599
29 599
693 598
167 597
23 597
11 596
91 595
1 595
142 594
109 594
935 593
85 593
792 592
396 592
108 592
72 592
36 592
127 591
74 591
142 589
95 589
429 588
374 588
151 588
112 588
73 588
935 587
116 586
11 586
91 585
1 585
142 584
137 584
119 584
995 583
768 583
728 583
688 583
671 583
444 583
404 583
364 583
44 583
12 583
8 583
4 583
506 582
169 581
137 581
123 579
86 579
151 578
83 578
649 577
118 577
59 577
814 576
704 576
517 576
407 576
121 576
111 576
84 576
74 576
47 576
37 576
11 576
91 575
1 575
418 574
38 574
671 573
847 572
812 572
777 572
742 572
707 572
511 572
476 572
441 572
406 572
371 572
154 572
77 572
14 572
7 572
95 571
52 571
146 568
122 568
121 566
116 566
111 566
11 566
91 565
1 565
528 564
53 564
48 564
748 563
671 563
129 563
122 563
61 563
149 562
46 562
915 561
905 561
824 561
814 561
713 561
412 561
402 561
392 561
321 561
311 561
301 561
74 561
133 559
484 558
792 557
177 557
144 557
105 557
72 557
33 557
121 556
111 556
11 556
979 555
957 555
99 555
97 555
95 555
93 555
91 555
1 555
726 554
363 554
858 553
156 553
139 553
78 553
61 553
935 549
803 548
748 548
146 548
127 548
73 548
54 548
902 547
396 547
118 547
869 546
814 546
759 546
517 546
462 546
407 546
158 546
153 546
148 546
121 546
116 546
111 546
79 546
74 546
37 546
11 546
11 545
1 545
935 543
173 543
902 542
451 542
164 542
123 542
82 542
41 542
462 541
341 541
73 541
42 541
975 539
806 539
637 539
538 539
468 539
408 539
369 539
299 539
239 539
143 539
13 539
7 539
913 538
539 538
49 538
95 537
52 536
11 535
1 535
157 534
129 534
54 533
451 532
56 532
41 532
814 531
105 531
31 531
836 529
418 529
152 529
114 529
76 529
38 529
928 528
888 528
848 528
808 528
768 528
564 528
524 528
484 528
444 528
404 528
132 528
88 528
44 528
16 528
12 528
8 528
4 528
759 527
506 527
253 527
92 527
69 527
46 527
23 527
116 526
11 525
1 525
528 524
53 524
48 524
63 521
319 519
181 519
29 519
858 518
429 518
156 518
117 518
78 518
54 518
39 518
995 517
922 517
892 517
649 517
619 517
576 517
546 517
406 517
303 517
273 517
59 517
3 517
814 516
407 516
11 515
1 515
124 514
166 513
37 513
957 512
792 512
87 512
572 511
137 511
136 511
84 511
836 509
181 509
153 509
77 509
171 508
137 508
105 507
964 506
929 506
909 506
874 506
819 506
582 506
527 506
472 506
437 506
9 506
11 505
1 505
96 504
193 503
149 503
98 503
164 502
133 502
199 501
737 499
134 499
67 499
171 498
44 498
138 497
979 496
178 496
89 496
121 495
111 495
11 495
101 494
1 494
176 493
159 493
115 491
836 489
627 489
418 489
209 489
201 489
913 488
142 488
83 488
616 487
151 487
56 487
121 485
111 485
11 485
971 484
916 484
886 484
831 484
613 484
558 484
528 484
443 484
182 484
144 484
139 484
101 484
96 484
91 484
53 484
48 484
17 484
14 484
1 484
858 483
142 483
37 483
184 482
92 482
924 481
693 481
462 481
231 481
189 481
168 481
147 481
126 481
105 481
84 481
63 481
42 481
21 481
182 479
39 479
142 478
127 478
151 477
572 476
462 476
146 476
94 476
121 475
111 475
11 475
182 474
101 474
91 474
1 474
888 473
848 473
841 473
801 473
761 473
444 473
397 473
357 473
317 473
186 473
506 472
174 472
46 472
231 471
178 471
104 471
83 471
182 469
115 469
539 468
759 467
207 467
138 467
69 467
57 466
121 465
111 465
11 465
187 464
182 464
177 464
101 464
96 464
91 464
1 464
132 463
125 463
962 462
897 462
611 462
606 462
546 462
541 462
481 462
476 462
143 462
61 462
19 462
13 462
6 462
188 461
94 461
62 461
182 459
125 459
968 458
191 458
176 458
103 458
88 458
902 457
121 455
119 455
117 455
115 455
113 455
111 455
11 455
182 454
101 454
91 454
11 454
1 454
196 453
159 453
37 453
902 452
179 452
61 452
914 451
904 451
823 451
813 451
542 451
532 451
441 451
271 451
261 451
198 451
157 451
73 451
18 451
17 451
182 449
173 449
2 449
147 448
108 448
363 447
207 447
979 446
183 446
946 444
583 444
528 444
473 444
182 444
144 444
139 444
101 444
96 444
91 444
63 444
58 444
53 444
48 444
11 444
2 444
1 444
968 443
484 443
223 443
179 443
616 442
189 442
61 442
572 441
451 441
41 441
638 439
319 439
211 439
2 439
137 438
113 438
98 438
506 437
227 437
184 437
181 437
138 437
92 437
46 437
627 436
193 436
137 435
101 434
11 434
2 434
1 434
213 433
206 433
108 433
148 432
112 432
146 431
135 431
41 431
966 429
917 429
847 429
777 429
707 429
658 429
588 429
518 429
399 429
329 429
259 429
231 429
154 429
77 429
21 429
14 429
7 429
2 429
649 428
152 428
59 428
79 427
66 427
198 426
161 426
135 425
946 424
106 424
101 424
96 424
11 424
2 424
1 424
704 423
64 423
37 423
616 422
163 422
107 422
56 422
167 421
125 421
83 421
737 419
135 419
2 419
978 418
694 418
654 418
614 418
574 418
529 418
489 418
152 418
21 418
253 417
148 417
125 417
203 416
67 416
129 415
111 414
101 414
11 414
2 414
1 414
135 413
561 412
204 412
153 412
102 412
51 412
803 411
219 411
218 411
146 411
145 411
73 411
72 411
183 409
164 409
39 409
22 409
2 409
539 408
206 408
103 408
909 407
879 407
849 407
819 407
789 407
636 407
606 407
576 407
546 407
516 407
393 407
363 407
333 407
303 407
273 407
135 407
102 407
66 407
33 407
12 407
9 407
6 407
3 407
572 406
517 406
208 406
156 406
104 406
52 406
693 404
638 404
583 404
528 404
121 404
116 404
111 404
106 404
101 404
73 404
68 404
63 404
58 404
53 404
22 404
11 404
2 404
1 404
189 403
561 402
51 402
166 401
429 399
22 399
167 398
118 398
473 397
201 397
158 397
43 397
752 396
707 396
682 396
637 396
592 396
547 396
213 396
176 396
16 396
7 396
145 395
121 394
111 394
22 394
11 394
704 393
407 393
101 393
64 393
37 393
1 393
561 392
168 392
76 392
682 391
341 391
124 391
93 391
62 391
31 391
957 389
22 389
759 388
979 387
237 387
178 387
89 387
737 386
218 386
129 386
62 386
143 385
15 385
13 385
126 384
121 384
116 384
111 384
106 384
22 384
11 384
216 383
101 383
1 383
229 382
341 381
228 381
197 381
114 381
31 381
97 379
22 379
221 378
128 378
74 378
616 377
224 377
168 377
112 377
56 377
792 376
119 376
72 376
153 375
139 375
728 374
713 374
618 374
603 374
588 374
232 374
121 374
111 374
22 374
11 374
8 374
101 373
1 373
726 372
572 371
269 371
539 369
319 369
271 369
242 369
222 369
193 369
78 369
49 369
29 369
22 369
649 368
241 368
59 368
223 366
77 366
163 365
145 365
137 365
803 364
748 364
693 364
638 364
583 364
242 364
237 364
232 364
227 364
222 364
179 364
174 364
169 364
121 364
116 364
111 364
58 364
22 364
11 364
961 363
744 363
704 363
554 363
447 363
407 363
273 363
246 363
219 363
192 363
182 363
165 363
155 363
128 363
101 363
91 363
74 363
64 363
37 363
15 363
11 363
1 363
173 362
137 362
197 361
176 361
155 361
251 359
213 359
226 358
182 358
79 358
616 357
473 357
277 357
234 357
43 357
248 356
124 356
82 356
169 355
232 354
283 353
273 353
192 353
182 353
101 353
91 353
11 353
1 353
846 352
786 352
726 352
666 352
606 352
229 352
198 352
132 352
66 352
24 352
18 352
12 352
6 352
259 351
238 351
217 351
82 351
145 349
68 349
236 348
182 348
128 348
74 348
2 348
836 347
181 346
134 346
273 343
263 343
192 343
182 343
101 343
91 343
11 343
2 343
1 343
254 342
249 342
127 342
883 341
792 341
782 341
632 341
541 341
391 341
381 341
258 341
165 341
93 341
29 341
15 341
14 341
957 339
281 339
233 339
146 339
182 338
2 338
979 337
244 337
122 337
86 337
196 336
144 336
177 335
161 335
199 334
88 334
704 333
407 333
273 333
246 333
219 333
192 333
182 333
165 333
155 333
138 333
128 333
111 333
101 333
91 333
84 333
74 333
64 333
57 333
47 333
37 333
11 333
3 333
2 333
1 333
122 332
66 332
913 331
289 331
206 331
72 331
858 329
638 329
429 329
175 329
136 329
97 329
271 328
251 328
89 328
2 328
836 327
274 327
198 327
627 326
211 326
92 326
161 325
111 323
101 323
11 323
3 323
2 323
1 323
213 322
561 321
878 319
808 319
728 319
658 319
519 319
439 319
369 319
291 319
272 319
31 319
23 319
8 319
814 318
128 318
94 318
74 318
22 318
2 318
473 317
297 317
152 317
43 317
682 316
273 316
177 315
169 315
913 314
267 314
156 314
83 314
73 314
121 313
111 313
101 313
22 313
11 313
3 313
2 313
1 313
259 312
203 312
157 312
561 311
216 311
165 311
748 309
272 309
204 309
136 309
68 309
974 308
949 308
909 308
884 308
844 308
819 308
779 308
754 308
714 308
689 308
286 308
143 308
26 308
22 308
13 308
9 308
2 308
836 307
307 307
228 307
152 307
76 307
737 306
273 306
206 306
67 306
214 304
209 304
98 304
924 303
814 303
704 303
627 303
517 303
407 303
158 303
148 303
138 303
131 303
121 303
111 303
101 303
94 303
84 303
74 303
57 303
47 303
37 303
33 303
22 303
11 303
3 303
2 303
1 303
294 302
289 302
561 301
298 301
247 301
51 301
539 299
175 299
127 299
301 298
281 298
22 298
317 297
284 297
251 297
218 297
185 297
792 296
273 296
216 296
144 296
87 296
72 296
3 296
201 295
189 295
858 294
748 294
302 294
224 294
146 294
232 293
131 293
121 293
111 293
33 293
22 293
11 293
284 292
274 292
238 292
147 292
137 292
101 292
1 292
319 291
185 291
51 291
331 289
302 289
166 289
137 289
814 288
242 288
222 288
168 288
148 288
94 288
74 288
22 288
836 287
693 287
271 287
139 287
76 287
63 287
987 286
952 286
917 286
882 286
847 286
812 286
777 286
742 286
707 286
308 286
231 286
154 286
77 286
28 286
21 286
14 286
7 286
3 286
185 285
179 285
297 284
292 284
244 284
239 284
353 283
242 283
232 283
222 283
131 283
121 283
111 283
33 283
22 283
11 283
106 282
101 282
96 282
1 282
339 281
298 281
133 281
92 281
968 279
273 279
185 279
59 279
242 278
222 278
89 278
22 278
726 277
357 277
43 277
3 276
209 275
191 275
21 275
19 275
803 274
327 274
292 274
254 274
219 274
181 274
146 274
108 274
73 274
924 273
814 273
627 273
517 273
407 273
363 273
353 273
343 273
333 273
316 273
306 273
296 273
279 273
269 273
259 273
242 273
232 273
222 273
195 273
185 273
158 273
148 273
121 273
111 273
74 273
37 273
33 273
22 273
11 273
319 272
309 272
101 272
11 272
1 272
902 271
451 271
369 271
328 271
287 271
246 271
205 271
164 271
123 271
82 271
41 271
371 269
273 269
98 269
173 268
104 268
314 267
258 267
129 267
73 267
902 266
251 266
112 266
82 266
33 266
223 265
968 264
888 264
833 264
808 264
264 264
176 264
88 264
83 264
32 264
24 264
16 264
8 264
343 263
232 263
106 262
101 262
96 262
11 262
1 262
451 261
41 261
858 259
429 259
351 259
312 259
273 259
234 259
195 259
156 259
117 259
108 259
78 259
69 259
39 259
3 259
814 258
341 258
267 258
193 258
248 257
215 257
189 256
174 256
159 256
33 256
225 255
223 255
342 254
274 254
239 254
171 254
103 254
944 253
874 253
707 253
637 253
527 253
417 253
29 253
18 253
7 253
192 252
111 252
101 252
11 252
1 252
359 251
328 251
297 251
266 251
235 251
342 249
215 249
157 249
88 249
3 249
869 248
356 248
257 248
178 248
693 247
301 247
202 247
2 247
363 246
333 246
271 246
117 246
33 246
235 245
221 245
337 244
284 244
166 244
113 244
941 242
886 242
831 242
369 242
364 242
288 242
283 242
278 242
273 242
202 242
197 242
192 242
187 242
182 242
111 242
106 242
101 242
96 242
91 242
34 242
28 242
17 242
11 242
2 242
1 242
368 241
215 241
184 241
539 239
284 239
254 239
235 239
79 239
49 239
33 239
3 239
924 238
351 238
292 238
188 238
387 237
364 237
202 237
182 237
2 237
348 236
199 236
107 236
92 236
251 235
245 235
239 235
357 234
259 234
123 234
339 233
225 233
114 233
374 232
364 232
354 232
293 232
283 232
273 232
263 232
202 232
192 232
182 232
111 232
101 232
91 232
11 232
3 232
2 232
1 232
962 231
952 231
861 231
741 231
731 231
611 231
601 231
481 231
471 231
429 231
286 231
143 231
122 231
39 231
38 231
26 231
25 231
13 231
12 231
382 229
352 229
206 229
176 229
157 229
33 229
381 228
307 228
803 227
437 227
364 227
202 227
182 227
22 227
2 227
358 226
219 226
122 226
255 225
233 225
377 224
294 224
216 224
133 224
847 223
443 223
366 223
265 223
255 223
77 223
67 223
946 222
369 222
364 222
288 222
283 222
278 222
273 222
207 222
202 222
197 222
192 222
187 222
182 222
126 222
121 222
116 222
111 222
106 222
101 222
96 222
91 222
22 222
11 222
4 222
3 222
2 222
1 222
378 221
245 221
122 221
411 219
363 219
333 219
274 219
226 219
196 219
137 219
89 219
59 219
33 219
411 218
386 218
297 218
351 217
202 217
22 217
4 217
2 217
383 216
311 216
296 216
224 216
137 216
257 215
249 215
241 215
304 214
211 214
118 214
433 213
396 213
359 213
322 213
212 212
202 212
192 212
141 212
131 212
121 212
111 212
101 212
33 212
22 212
11 212
4 212
3 212
2 212
1 212
439 211
326 211
214 211
112 211
978 209
909 209
819 209
739 209
659 209
489 209
304 209
275 209
42 209
25 209
17 209
9 209
406 208
203 208
134 208
467 207
447 207
222 207
202 207
22 207
4 207
2 207
433 206
408 206
331 206
306 206
229 206
204 206
127 206
102 206
271 205
412 204
309 204
206 204
103 204
416 203
312 203
208 203
104 203
97 203
247 202
242 202
237 202
232 202
227 202
222 202
217 202
212 202
207 202
202 202
146 202
141 202
136 202
131 202
126 202
121 202
116 202
111 202
106 202
101 202
44 202
33 202
22 202
11 202
4 202
3 202
2 202
1 202
489 201
397 201
295 201
102 201
501 199
334 199
236 199
167 199
69 199
451 198
426 198
352 198
327 198
41 198
32 198
23 198
14 198
381 197
361 197
242 197
222 197
44 197
22 197
453 196
336 196
219 196
152 196
273 195
259 195
3 195
737 193
503 193
436 193
369 193
258 193
191 193
124 193
363 192
353 192
343 192
333 192
252 192
242 192
232 192
222 192
212 192
141 192
131 192
121 192
111 192
44 192
33 192
22 192
11 192
458 191
275 191
193 191
101 191
1 191
481 189
442 189
403 189
295 189
256 189
148 189
461 188
238 188
159 188
144 188
963 187
933 187
903 187
713 187
683 187
464 187
242 187
222 187
44 187
41 187
22 187
19 187
16 187
473 186
297 185
291 185
285 185
279 185
273 185
3 185
482 184
437 184
241 184
163 184
118 184
446 183
409 183
154 183
484 182
479 182
474 182
469 182
464 182
459 182
454 182
449 182
444 182
363 182
358 182
353 182
348 182
343 182
338 182
333 182
242 182
237 182
232 182
227 182
222 182
121 182
116 182
111 182
44 182
33 182
22 182
11 182
519 181
509 181
437 181
346 181
274 181
173 181
101 181
11 181
1 181
869 179
452 179
443 179
364 179
285 179
158 179
79 179
496 178
471 178
387 178
248 178
164 178
139 178
557 177
464 177
335 177
315 177
93 177
73 177
493 176
458 176
396 176
361 176
264 176
229 176
167 176
132 176
48 176
36 176
24 176
17 176
12 176
329 175
299 175
33 175
3 175
472 174
364 174
256 174
148 174
4 174
957 173
543 173
449 173
362 173
268 173
181 173
87 173
508 171
498 171
254 171
111 171
101 171
11 171
1 171
581 169
364 169
355 169
315 169
4 169
481 168
392 168
377 168
288 168
597 167
421 167
398 167
199 167
176 167
513 166
401 166
289 166
244 166
157 166
132 166
363 165
341 165
333 165
311 165
35 165
33 165
31 165
542 164
502 164
409 164
271 164
178 164
133 164
4 164
627 163
603 163
422 163
365 163
184 163
426 161
335 161
325 161
111 161
101 161
11 161
1 161
601 159
493 159
453 159
256 159
188 159
148 159
44 159
4 159
546 158
397 158
303 158
273 158
179 158
3 158
913 157
693 157
617 157
534 157
451 157
312 157
249 157
229 157
166 157
146 157
83 157
553 156
518 156
406 156
314 156
259 156
363 155
361 155
333 155
33 155
572 154
429 154
286 154
183 154
143 154
57 154
52 154
44 154
39 154
31 154
26 154
18 154
13 154
4 154
546 153
509 153
412 153
375 153
134 153
97 153
529 152
428 152
418 152
317 152
307 152
196 152
588 151
578 151
487 151
477 151
111 151
101 151
11 151
1 151
661 149
621 149
602 149
562 149
503 149
44 149
546 148
432 148
417 148
303 148
288 148
273 148
189 148
174 148
159 148
144 148
33 148
6 148
3 148
637 147
604 147
481 147
448 147
292 147
123 147
613 146
568 146
548 146
476 146
431 146
411 146
339 146
294 146
274 146
202 146
157 146
137 146
2 146
411 145
395 145
365 145
349 145
557 144
484 144
444 144
336 144
296 144
188 144
148 144
44 144
987 143
917 143
847 143
777 143
707 143
693 143
616 143
539 143
462 143
385 143
308 143
231 143
154 143
137 143
77 143
63 143
56 143
49 143
42 143
35 143
28 143
21 143
14 143
7 143
6 143
599 142
594 142
589 142
584 142
488 142
483 142
478 142
212 141
202 141
192 141
111 141
101 141
11 141
2 141
1 141
759 139
553 139
484 139
444 139
375 139
287 139
178 139
109 139
44 139
631 138
497 138
467 138
437 138
333 138
303 138
33 138
6 138
3 138
803 137
727 137
657 137
654 137
584 137
581 137
511 137
508 137
438 137
435 137
365 137
362 137
292 137
289 137
219 137
216 137
146 137
143 137
73 137
7 137
638 136
618 136
511 136
329 136
309 136
202 136
22 136
2 136
431 135
425 135
419 135
413 135
407 135
637 134
499 134
346 134
208 134
153 134
559 133
502 133
281 133
224 133
164 133
66 133
639 132
528 132
463 132
352 132
176 132
166 132
64 132
53 132
48 132
37 132
32 132
21 132
16 132
303 131
293 131
283 131
212 131
202 131
192 131
121 131
111 131
101 131
22 131
11 131
3 131
2 131
1 131
711 129
682 129
563 129
534 129
415 129
386 129
267 129
119 129
378 128
363 128
348 128
333 128
318 128
66 128
33 128
727 127
684 127
591 127
548 127
478 127
342 127
299 127
206 127
93 127
77 127
663 126
643 126
481 126
384 126
222 126
202 126
22 126
2 126
463 125
459 125
421 125
417 125
712 124
514 124
391 124
356 124
193 124
7 124
957 123
813 123
726 123
666 123
579 123
542 123
271 123
234 123
147 123
87 123
66 123
674 122
669 122
568 122
563 122
337 122
332 122
231 122
226 122
221 122
991 121
881 121
819 121
738 121
728 121
657 121
647 121
637 121
576 121
566 121
556 121
546 121
495 121
485 121
475 121
465 121
455 121
404 121
394 121
384 121
374 121
364 121
313 121
303 121
293 121
283 121
273 121
222 121
212 121
202 121
192 121
182 121
131 121
121 121
111 121
101 121
91 121
79 121
68 121
56 121
45 121
34 121
33 121
22 121
11 121
4 121
3 121
2 121
1 121
831 119
702 119
584 119
455 119
376 119
129 119
5 119
761 118
696 118
577 118
547 118
398 118
214 118
184 118
847 117
777 117
714 117
651 117
518 117
455 117
259 117
246 117
77 117
5 117
748 116
728 116
708 116
586 116
566 116
546 116
526 116
404 116
384 116
364 116
222 116
202 116
182 116
22 116
6 116
4 116
2 116
491 115
469 115
455 115
5 115
762 114
747 114
614 114
599 114
529 114
381 114
233 114
77 114
843 113
716 113
699 113
649 113
455 113
438 113
244 113
5 113
754 112
588 112
432 112
377 112
266 112
211 112
819 111
738 111
728 111
657 111
647 111
637 111
576 111
566 111
556 111
546 111
495 111
485 111
475 111
465 111
455 111
414 111
404 111
394 111
384 111
374 111
364 111
333 111
323 111
313 111
303 111
293 111
283 111
273 111
252 111
242 111
232 111
222 111
212 111
202 111
192 111
182 111
171 111
161 111
151 111
141 111
131 111
121 111
111 111
101 111
91 111
44 111
33 111
22 111
11 111
9 111
8 111
7 111
6 111
5 111
4 111
3 111
2 111
1 111
911 109
822 109
772 109
733 109
683 109
594 109
139 109
55 109
5 109
781 108
766 108
622 108
607 108
592 108
448 108
433 108
274 108
259 108
877 107
691 107
608 107
422 107
236 107
55 107
5 107
424 106
404 106
384 106
282 106
262 106
242 106
222 106
202 106
66 106
44 106
22 106
8 106
6 106
4 106
2 106
557 105
531 105
507 105
481 105
55 105
5 105
847 104
812 104
777 104
609 104
471 104
406 104
268 104
203 104
77 104
866 103
816 103
662 103
612 103
458 103
408 103
254 103
204 103
55 103
5 103
824 102
819 102
618 102
613 102
412 102
407 102
206 102
201 102
494 101
484 101
474 101
464 101
454 101
444 101
434 101
424 101
414 101
404 101
393 101
383 101
373 101
363 101
353 101
343 101
333 101
323 101
313 101
303 101
292 101
282 101
272 101
262 101
252 101
242 101
232 101
222 101
212 101
202 101
191 101
181 101
171 101
161 101
151 101
141 101
131 101
121 101
111 101
101 101
99 101
88 101
77 101
66 101
55 101
44 101
33 101
22 101
11 101
9 101
8 101
7 101
6 101
5 101
4 101
3 101
2 101
1 101
951 99
902 99
852 99
803 99
753 99
704 99
654 99
605 99
555 99
101 99
91 99
82 99
73 99
64 99
55 99
46 99
37 99
28 99
19 99
1 99
906 98
871 98
672 98
637 98
503 98
438 98
304 98
269 98
7 98
957 97
781 97
731 97
605 97
555 97
379 97
329 97
203 97
153 97
55 97
726 96
706 96
686 96
666 96
504 96
484 96
464 96
444 96
424 96
282 96
262 96
242 96
222 96
88 96
66 96
44 96
22 96
605 95
589 95
571 95
555 95
537 95
55 95
922 94
907 94
476 94
461 94
318 94
303 94
288 94
3 94
983 93
946 93
819 93
769 93
605 93
555 93
391 93
341 93
177 93
127 93
55 93
964 92
919 92
874 92
673 92
527 92
482 92
437 92
326 92
281 92
236 92
9 92
999 91
968 91
958 91
948 91
938 91
928 91
918 91
908 91
898 91
888 91
847 91
837 91
827 91
817 91
807 91
797 91
787 91
777 91
726 91
716 91
706 91
696 91
686 91
676 91
666 91
605 91
595 91
585 91
575 91
565 91
555 91
484 91
474 91
464 91
454 91
444 91
363 91
353 91
343 91
333 91
242 91
232 91
222 91
121 91
111 91
99 91
88 91
77 91
66 91
55 91
44 91
33 91
22 91
11 91
992 89
942 89
883 89
774 89
496 89
387 89
328 89
278 89
219 89
11 89
986 88
916 88
792 88
722 88
528 88
458 88
334 88
264 88
249 88
101 88
96 88
91 88
77 88
72 88
53 88
48 88
34 88
29 88
24 88
7 88
1 88
944 87
901 87
728 87
685 87
512 87
296 87
173 87
123 87
8 87
801 86
579 86
337 86
675 85
669 85
637 85
631 85
593 85
7 85
962 84
784 84
754 84
576 84
511 84
481 84
333 84
303 84
33 84
3 84
959 83
869 83
802 83
645 83
578 83
488 83
471 83
421 83
314 83
264 83
157 83
9 83
999 82
818 82
813 82
733 82
542 82
356 82
351 82
271 82
266 82
99 82
8 82
973 79
913 79
794 79
725 79
606 79
546 79
427 79
358 79
239 79
179 79
121 79
6 79
847 78
812 78
777 78
628 78
553 78
518 78
369 78
259 78
77 78
11 78
858 77
715 77
572 77
509 77
429 77
366 77
286 77
223 77
143 77
127 77
117 77
114 77
104 77
101 77
91 77
88 77
78 77
75 77
65 77
62 77
52 77
49 77
39 77
36 77
26 77
23 77
13 77
8 77
1 77
921 76
856 76
836 76
634 76
614 76
529 76
392 76
307 76
287 76
773 75
769 75
765 75
761 75
703 75
699 75
695 75
77 75
7 75
864 74
849 74
834 74
819 74
621 74
606 74
591 74
576 74
561 74
546 74
378 74
363 74
348 74
333 74
318 74
303 74
288 74
273 74
66 74
33 74
12 74
9 74
6 74
3 74
999 73
959 73
952 73
862 73
822 73
815 73
725 73
685 73
678 73
588 73
548 73
541 73
451 73
411 73
404 73
314 73
274 73
267 73
177 73
137 73
99 73
13 73
4 73
968 72
933 72
888 72
853 72
672 72
592 72
557 72
411 72
376 72
331 72
296 72
88 72
976 71
966 71
956 71
845 71
994 69
934 69
874 69
666 69
606 69
527 69
467 69
259 69
199 69
66 69
12 69
6 69
967 68
927 68
713 68
658 68
618 68
404 68
349 68
309 68
121 68
44 68
4 68
998 67
885 67
805 67
692 67
499 67
416 67
306 67
223 67
11 67
981 66
926 66
704 66
629 66
427 66
407 66
352 66
332 66
133 66
128 66
123 66
106 66
101 66
96 66
91 66
74 66
69 66
64 66
42 66
37 66
32 66
13 66
1 66
923 65
847 65
833 65
819 65
805 65
791 65
777 65
77 65
9 65
999 64
756 64
726 64
696 64
666 64
636 64
423 64
393 64
363 64
333 64
132 64
99 64
66 64
33 64
962 63
885 63
845 63
768 63
521 63
481 63
444 63
404 63
287 63
143 63
44 63
4 63
782 62
712 62
707 62
461 62
391 62
386 62
77 62
14 62
7 62
674 61
664 61
563 61
553 61
462 61
452 61
442 61
945 59
796 59
577 59
517 59
428 59
368 59
279 59
219 59
13 59
808 58
768 58
728 58
444 58
404 58
364 58
44 58
12 58
8 58
4 58
925 57
895 57
762 57
629 57
599 57
466 57
333 57
303 57
154 57
33 57
17 57
3 57
864 56
799 56
754 56
532 56
487 56
422 56
377 56
143 56
121 56
11 56
999 55
977 55
955 55
933 55
911 55
109 55
107 55
105 55
103 55
101 55
99 55
97 55
95 55
93 55
91 55
1 55
911 54
896 54
881 54
866 54
851 54
548 54
533 54
518 54
848 53
808 53
768 53
564 53
524 53
484 53
444 53
404 53
132 53
88 53
44 53
16 53
12 53
8 53
4 53
942 52
847 52
812 52
777 52
571 52
536 52
406 52
154 52
77 52
13 52
824 51
814 51
713 51
703 51
412 51
402 51
301 51
291 51
19 51
876 49
707 49
637 49
608 49
538 49
369 49
239 49
143 49
77 49
14 49
7 49
968 48
928 48
888 48
848 48
564 48
524 48
484 48
444 48
176 48
132 48
88 48
44 48
952 47
922 47
679 47
649 47
636 47
606 47
576 47
333 47
303 47
33 47
6 47
3 47
999 46
964 46
909 46
874 46
652 46
617 46
562 46
527 46
472 46
437 46
99 46
18 46
9 46
121 45
13 45
971 44
916 44
668 44
583 44
528 44
498 44
202 44
197 44
192 44
187 44
182 44
159 44
154 44
149 44
144 44
139 44
111 44
106 44
101 44
96 44
91 44
68 44
63 44
58 44
53 44
48 44
14 44
11 44
2 44
1 44
841 43
801 43
761 43
674 43
397 43
357 43
317 43
277 43
23 43
962 42
671 42
666 42
606 42
541 42
481 42
209 42
143 42
66 42
6 42
973 41
813 41
803 41
712 41
702 41
542 41
532 41
441 41
431 41
271 41
261 41
198 41
187 41
16 41
997 39
847 39
777 39
738 39
518 39
479 39
409 39
259 39
231 39
154 39
77 39
22 39
15 39
784 38
739 38
699 38
614 38
574 38
529 38
231 38
17 38
13 38
999 37
969 37
939 37
909 37
879 37
849 37
819 37
756 37
726 37
696 37
666 37
636 37
606 37
576 37
546 37
513 37
483 37
453 37
423 37
393 37
363 37
333 37
303 37
273 37
132 37
99 37
66 37
33 37
27 37
24 37
21 37
18 37
15 37
12 37
9 37
6 37
3 37
822 36
777 36
752 36
707 36
662 36
592 36
176 36
77 36
23 36
7 36
165 35
143 35
17 35
15 35
808 34
793 34
713 34
698 34
618 34
603 34
242 34
121 34
88 34
19 34
8 34
961 33
854 33
814 33
704 33
664 33
557 33
407 33
303 33
293 33
283 33
273 33
266 33
256 33
246 33
239 33
229 33
219 33
212 33
202 33
192 33
182 33
175 33
165 33
155 33
148 33
138 33
128 33
121 33
111 33
101 33
91 33
84 33
74 33
64 33
57 33
47 33
37 33
26 33
11 33
3 33
2 33
1 33
931 32
871 32
846 32
811 32
786 32
726 32
666 32
264 32
198 32
132 32
66 32
922 31
782 31
772 31
531 31
391 31
381 31
319 31
165 31
154 31
28 31
14 31
888 29
808 29
728 29
679 29
599 29
519 29
369 29
341 29
253 29
88 29
24 29
16 29
8 29
999 28
974 28
909 28
844 28
779 28
754 28
286 28
242 28
143 28
99 28
31 28
22 28
9 28
733 27
703 27
37 27
847 26
812 26
777 26
308 26
231 26
154 26
77 26
33 26
26 26
19 26
231 25
209 25
23 25
21 25
993 24
968 24
913 24
888 24
352 24
264 24
176 24
88 24
37 24
29 24
944 23
874 23
777 23
707 23
597 23
527 23
319 23
198 23
77 23
43 23
36 23
25 23
18 23
7 23
996 22
941 22
409 22
404 22
399 22
394 22
389 22
384 22
379 22
374 22
369 22
364 22
318 22
313 22
308 22
303 22
298 22
293 22
288 22
283 22
278 22
273 22
227 22
222 22
217 22
212 22
207 22
202 22
197 22
192 22
187 22
182 22
136 22
131 22
126 22
121 22
116 22
111 22
106 22
101 22
96 22
91 22
39 22
28 22
22 22
11 22
4 22
3 22
2 22
1 22
962 21
861 21
851 21
731 21
601 21
481 21
429 21
418 21
286 21
275 21
143 21
132 21
37 21
25 21
12 21
999 19
909 19
829 19
739 19
659 19
462 19
275 19
187 19
99 19
51 19
34 19
26 19
17 19
9 19
451 18
352 18
253 18
154 18
46 18
37 18
23 18
14 18
903 17
873 17
713 17
683 17
484 17
451 17
242 17
209 17
176 17
57 17
38 17
35 17
19 17
16 17
528 16
396 16
264 16
187 16
132 16
53 16
41 16
29 16
17 16
385 15
363 15
341 15
39 15
37 15
35 15
627 14
572 14
484 14
429 14
341 14
286 14
198 14
143 14
62 14
49 14
44 14
31 14
18 14
847 13
777 13
693 13
616 13
539 13
462 13
385 13
308 13
231 13
154 13
77 13
73 13
66 13
59 13
52 13
45 13
38 13
704 12
583 12
528 12
407 12
352 12
231 12
176 12
74 12
69 12
58 12
53 12
37 12
21 12
991 11
909 11
899 11
889 11
879 11
869 11
859 11
849 11
839 11
829 11
819 11
818 11
808 11
798 11
788 11
778 11
768 11
758 11
748 11
738 11
728 11
727 11
717 11
707 11
697 11
687 11
677 11
667 11
657 11
647 11
637 11
636 11
626 11
616 11
606 11
596 11
586 11
576 11
566 11
556 11
546 11
545 11
535 11
525 11
515 11
505 11
495 11
485 11
475 11
465 11
455 11
454 11
444 11
434 11
424 11
414 11
404 11
394 11
384 11
374 11
364 11
363 11
353 11
343 11
333 11
323 11
313 11
303 11
293 11
283 11
273 11
272 11
262 11
252 11
242 11
232 11
222 11
212 11
202 11
192 11
182 11
181 11
171 11
161 11
151 11
141 11
131 11
121 11
111 11
101 11
91 11
89 11
78 11
67 11
56 11
44 11
33 11
22 11
11 11
9 11
8 11
7 11
6 11
5 11
4 11
3 11
2 11
1 11
902 9
803 9
704 9
605 9
506 9
407 9
308 9
209 9
111 9
101 9
92 9
83 9
74 9
65 9
46 9
37 9
28 9
19 9
11 9
1 9
847 8
792 8
583 8
528 8
374 8
319 8
264 8
111 8
106 8
101 8
87 8
82 8
77 8
58 8
53 8
34 8
29 8
11 8
1 8
968 7
858 7
825 7
715 7
682 7
572 7
539 7
429 7
396 7
286 7
253 7
143 7
137 7
124 7
111 7
101 7
98 7
88 7
85 7
75 7
62 7
49 7
36 7
23 7
11 7
1 7
814 6
759 6
704 6
462 6
407 6
352 6
148 6
143 6
138 6
116 6
111 6
106 6
101 6
79 6
74 6
69 6
47 6
42 6
37 6
11 6
1 6
119 5
117 5
115 5
113 5
111 5
109 5
107 5
105 5
103 5
101 5
11 5
1 5
748 4
693 4
638 4
583 4
528 4
222 4
217 4
212 4
207 4
202 4
174 4
169 4
164 4
159 4
154 4
121 4
116 4
111 4
106 4
101 4
73 4
68 4
63 4
58 4
53 4
22 4
11 4
2 4
1 4
924 3
814 3
704 3
627 3
517 3
407 3
333 3
323 3
313 3
303 3
296 3
286 3
276 3
259 3
249 3
239 3
232 3
222 3
212 3
202 3
195 3
185 3
175 3
158 3
148 3
138 3
131 3
121 3
111 3
101 3
94 3
84 3
74 3
57 3
47 3
37 3
33 3
22 3
11 3
3 3
2 3
1 3
449 2
444 2
439 2
434 2
429 2
424 2
419 2
414 2
409 2
404 2
348 2
343 2
338 2
333 2
328 2
323 2
318 2
313 2
308 2
303 2
247 2
242 2
237 2
232 2
227 2
222 2
217 2
212 2
207 2
202 2
146 2
141 2
136 2
131 2
126 2
121 2
116 2
111 2
106 2
101 2
44 2
33 2
22 2
11 2
4 2
3 2
2 2
1 2
999 1
989 1
979 1
969 1
959 1
949 1
939 1
929 1
919 1
909 1
898 1
888 1
878 1
868 1
858 1
848 1
838 1
828 1
818 1
808 1
797 1
787 1
777 1
767 1
757 1
747 1
737 1
727 1
717 1
707 1
696 1
686 1
676 1
666 1
656 1
646 1
636 1
626 1
616 1
606 1
595 1
585 1
575 1
565 1
555 1
545 1
535 1
525 1
515 1
505 1
494 1
484 1
474 1
464 1
454 1
444 1
434 1
424 1
414 1
404 1
393 1
383 1
373 1
363 1
353 1
343 1
333 1
323 1
313 1
303 1
292 1
282 1
272 1
262 1
252 1
242 1
232 1
222 1
212 1
202 1
191 1
181 1
171 1
161 1
151 1
141 1
131 1
121 1
111 1
101 1
99 1
88 1
77 1
66 1
55 1
44 1
33 1
22 1
11 1
9 1
8 1
7 1
6 1
5 1
4 1
3 1
2 1
1 1
